1585043142
1585043533
1585043943
1585044419
1585044862
1585045256
1585045643
1585046024
1585046427
1585046834
1585047220
1585047583
1585048015
1585048365
1585048823
1585049202
1585049597
1585049993
1585050379
1585050766
1585051181
1585051677
1585052056
1585052463
1585052839
1585053231
1585053617
1585054010
1585054402
1585054818
1585055221
1585055582
1585056025
1585056412
1585056802
1585057210
1585057585
1585057973
1585058363
1585058792
1585059174
1585059605
1585059996
1585060392
1585060776
1585061187
1585061577
1585061985
1585062415
1585062800
1585063199
1585063588
1585063995
1585064367
1585064777
1585065146
1585065533
1585066031
1585066453
1585066824
